-4.638255821545987345e+01 -5.354198019999999758e+01 -2.834946002584517899e+01
-9.712419699999999523e+01 -3.251851240999999959e+01 -9.692835599999999374e+01
-4.032072300000000098e+01 -4.588503584649999567e+01 1.972685766642977967e+01
-4.209860796029750674e+01 -3.914138586642977913e+01 -4.432036899999999946e+01
-3.679276999999999731e+01 -4.604865889253474620e+01 -3.435046979138549972e+01
-4.424625852002188964e+01 -1.069048920000000038e+02 -1.817907930000000079e+02
-1.093234029999999990e+02 -1.038455069999999978e+02 -1.404691850000000102e+02
-1.035617529999999960e+02 -2.933538100000000171e+01 -8.979467300000000307e+01
-2.684000899999999845e+01 -3.238117918500000059e+01 -1.363688171309286901e+01
-9.586105299999999829e+01 -3.015260104999999768e+01 -1.442593779999999981e+02
-9.697095400000000609e+01 -2.765396911499999888e+01 -1.140590129999999931e+02
-6.917172399999999755e+01 -3.196376644256929467e+01 -1.560485539999999958e+02
-2.625761012499999936e+01 -2.768157025000000004e+01 -1.674607763572385011e+01
-3.021039808749305067e+01 -8.437977700000000425e+01 -1.016865630000000067e+02
-8.231491200000000674e+01 -5.178068300000000335e+01 -1.075122300000000024e+02
-6.745008199999999476e+01 -2.961613749500000026e+01 -8.979505100000000084e+01
1.281281426791342071e+01 -3.456252800000000036e+01 -1.994987799999999822e+01
-7.037287800000000004e+01 -3.061871500000000168e+01 -1.211419609999999949e+02
-7.527479499999999746e+01 -1.850586200000000048e+01 -6.216762700000000308e+01
-3.702479699999999951e+01 -2.320795499999999834e+01 -2.201090811864116503e+01
-2.477160500000000098e+01 -2.056936999999999927e+01 9.257791057348670805e+00
-1.522129241163440128e+01 -5.931153199999999970e+01 -6.799665099999999995e+01
-6.275147400000000175e+01 -1.894304999999999950e+01 -6.185777300000000167e+01
-2.333199400000000168e+01 -2.108037040422288655e+01 -2.566297000000000139e+01
-1.867122833219368871e+01 -2.583424899999999980e+01 -3.754221799999999831e+01
-2.133802100000000124e+01 -5.902739900000000262e+01 -1.388422290000000032e+02
-5.977967699999999951e+01 -2.558366200000000035e+01 -5.153206200000000337e+01
-3.105726100000000045e+01 -1.942308299999999832e+01 -1.725090564247287972e+01
-1.459046599999999927e+01 -3.286630900000000111e+01 2.336193431344518601e+01
-1.265096600000000038e+01 -4.990214100000000030e+01 -4.784265200000000107e+01
-5.319431699999999807e+01 -1.555124171631032404e+01 -6.559650100000000350e+01
-2.185945150499999912e+01 1.528837526062128127e+01 -1.375494999999999912e+01
-1.368831409406567268e+01 -2.440371100000000126e+01 -6.201155500000000131e+01
-4.586947800000000086e+01 -2.003651500000000141e+01 -1.263710700000000031e+02
-4.715924900000000264e+01 -1.052605199999999996e+01 -5.125891000000000020e+01
-2.159805899999999923e+01 -2.418602299999999872e+01 -1.131945804451103754e+01
-6.840393999999999863e+00 -3.515707799999999850e+01 -1.189851900000000029e+02
-2.553614200000000167e+01 -8.763085999999999487e+00 -4.514203499999999991e+01
-4.310150099999999895e+01 -8.080750999999999351e+00 -2.491437499999999972e+01
-1.293093400000000059e+01 -1.377250800000000019e+01 -8.989831542757981353e+00
-7.211502000000000301e+00 -1.751429900000000117e+01 -4.554731900000000167e+01
-1.230039099999999941e+01 -1.077035599999999960e+01 -1.332498999999999967e+01
-8.064204999999999401e+00 1.169045489482505085e+00 -1.645894499999999994e+01
-6.968912999999999691e+00 -8.616993000000000791e+00 1.751047566867343974e+00
-9.919150000000000134e+00 -2.593508999999999887e+01 -1.069790119999999973e+02
-2.578998299999999944e+01 -2.143107399999999885e+01 -4.495472800000000291e+01
-2.377063899999999919e+01 -1.135426130459189409e+01 -3.865782232510219796e+00
-6.009207498780259726e+00 -1.407183500000000009e+01 -3.118084400000000045e+01
-3.378915999999999809e+00 -8.890138000000000318e+00 -2.548721099999999851e+01
-3.751846000000000014e+00 -1.229381399999999935e+01 -6.659192299999999420e+01
-4.107687999999999562e+00 -2.973672097214534737e+00 7.578724997246154782e+00
-2.545123212657148137e+00 -4.183304999999999829e+00 -1.955254599999999954e+01
3.274137588648228814e+01 2.093581700000000012e+01 1.702894500000000022e+01
3.252251554822074553e+01 -3.391842000000000024e+00 -3.886326300000000344e+01
-6.331188081462288508e+00 6.155707282999426155e+00 -5.834207000000000143e+00
-1.812246999999999941e+00 -5.973381999999999969e+00 1.054427053212264553e+01
-1.056123999999999974e+01 1.405860899999999702e+01 -3.308209800000000200e+01
-5.376140600000000092e+01 -2.696223799999999926e+01 3.176393799999999956e+01
1.311012499999999648e+01 -2.888511400000000151e+01 -1.539476459999999918e+02
-3.909285799999999966e+01 1.009089400000000047e+01 -1.699439500000000081e+01
-1.056123999999999974e+01 1.383818172968999782e+01 -3.308209800000000200e+01
-5.376140600000000092e+01 -2.696223799999999926e+01 3.135622219907499897e+01
1.311012499999999648e+01 -2.888511400000000151e+01 -1.539476459999999918e+02
-3.909285799999999966e+01 1.009089400000000047e+01 -1.699439500000000081e+01
-1.056123999999999974e+01 1.405860899999999702e+01 -3.308209800000000200e+01
-5.376140600000000092e+01 -2.696223799999999926e+01 3.176393799999999956e+01
1.311012499999999648e+01 -2.888511400000000151e+01 -1.539476459999999918e+02
-3.909285799999999966e+01 1.009089400000000047e+01 -1.699439500000000081e+01
2.865561747310001017e+00 -1.068050640000000016e+02 -1.574850050000000010e+02
-1.127183770000000038e+02 -8.692009400000000596e+01 -4.234522529999999847e+02
-1.126752359999999982e+02 2.342316200000000492e+01 -1.779405260000000055e+02
-9.847892099999999971e+01 -8.309051700000000551e+01 -1.850838574269000247e+01
3.015813000000001409e+00 -1.068050640000000016e+02 -1.574850050000000010e+02
-1.127183770000000038e+02 -8.692009400000000596e+01 -4.234522529999999847e+02
-1.126752359999999982e+02 2.342316200000000492e+01 -1.779405260000000055e+02
-9.847892099999999971e+01 -8.309051700000000551e+01 -1.848824887682500062e+01
-9.109849000000000530e+00 -4.146400799999999975e+01 -1.199187289999999990e+02
-3.532283300000000281e+01 -4.934759700000000038e+01 -8.265596499999999480e+01
-4.422723899999999730e+01 -4.935593699999999728e+01 -1.376545600000000036e+02
-4.494388000000000005e+01 -3.510715999999999948e+00 8.621272036295000163e+00
3.393895799999999952e+01 -3.935442900000000321e+01 -1.306244440000000111e+02
3.476426200000000222e+01 -3.993967899999999815e+01 -5.711047800000000052e+01
3.596740599999999688e+01 -4.024206099999999964e+01 -1.719153469999999970e+02
-3.632215800000000172e+01 -3.798725999999999914e+01 2.440056202912500183e+01
-2.583106000000000080e+01 1.046977000000000046e+00 8.224187247836404424e+01
2.121330999999999634e+00 -4.400981800000000277e+01 -3.795220599999999678e+01
-2.958387300000000053e+01 2.304084900000000147e+01 -1.376661210000000040e+02
-5.509370799999999946e+01 1.494300221318999888e+01 -1.672931570000000079e+02
-2.711727099999999879e+01 -4.624412000000000411e+00 3.118647143240485420e+01
1.427249999999999908e+00 -2.014182200000000122e+01 -1.240420079999999956e+02
-4.047755699999999734e+01 2.495572109787311366e+00 -2.628196099999999902e+01
-2.883408039378907439e+00 2.046703181391956505e+01 -6.275647699999999674e+01
1.993867561879954620e+00 -8.706576000000000093e+00 -2.597913499999999942e+01
-2.954515299999999911e+01 8.071144999999999570e+00 -1.365004209999999887e+02
-1.046282700000000077e+01 3.938714000000000048e+00 -1.379289499999999968e+01
-4.232617000000000296e+00 -1.088867600000000024e+01 2.023438758199022516e+02
