-2.090587674121360351e+02 -1.971334363229049984e+02 -1.823128700345307038e+02
-1.835023831075347971e+02 -2.338453172550983368e+02 -2.750156902832600849e+02
-2.050248422404929727e+02 -2.338053501344788287e+02 -2.922242264307302548e+02
-2.333647477162821247e+02 -1.854673244923944821e+02 -3.416637293701264753e+02
-2.447116394473021046e+02 -2.314477588171480420e+02 -1.547771415062912297e+02
-2.928322037568265159e+02 -1.809479173016160303e+02 -2.094526721643251221e+02
-1.923819782711916559e+02 -9.697310735411110727e+01 -2.525375372617039034e+02
-2.379258632557828719e+02 -1.871898446428855323e+02 -5.145544217936370046e+01
-1.903325184338644362e+02 -2.064313818670934779e+02 -1.685892022561844783e+02
-1.998734646526301901e+02 -1.908816316732151108e+02 -2.639944054714646882e+02
-1.906886156799721732e+02 -1.930262039476060352e+02 -1.615264393514070775e+02
-1.927126271107125035e+02 -3.405843352067191745e+02 -2.446174516026832748e+02
-1.859824158048479035e+02 -2.547633386556484254e+02 -1.624419667063048394e+02
-1.717957957367388531e+02 -2.552922737681661260e+02 -2.315377344370445485e+02
-1.715437106200420203e+02 -2.359513413212258399e+02 -2.457914235184410927e+02
-1.757419496642903027e+02 -1.626220907921610319e+02 -2.069980002738336111e+02
-2.371982309193141134e+02 -1.607542487189740541e+02 -2.611413643385532168e+02
-1.874647855227029254e+02 -1.563147793385688828e+02 -2.532864011885655771e+02
-1.778473492131854528e+02 -1.533509909595963734e+02 -1.621117908641930114e+02
-1.605859439608194066e+02 -1.603383827102228167e+02 -1.528426854501066430e+02
-1.846708081290488224e+02 -1.593795872651409411e+02 -1.660155107398477980e+02
-2.666735152557275796e+02 -1.840113983936543889e+02 -1.594191416034178985e+02
-1.605732270589904260e+02 -2.417678558757894223e+02 -1.703870117546661618e+02
-1.637357049837203249e+02 -1.573855125597880260e+02 -1.517427297814915335e+02
-2.521706007491216326e+02 -1.528179699435608541e+02 -2.614601769224083796e+02
-1.530101134165803103e+02 -1.624618462063971833e+02 -2.662182284083498871e+02
-1.250699639312189930e+02 -1.305448930152880109e+02 -1.515118346408563355e+02
-1.188806094474826978e+02 -1.176404233313151906e+02 -1.601718670182303867e+02
-1.057495387694229549e+02 -7.991713845313410047e+01 -1.655528230547446356e+02
-1.046608284984288275e+02 -2.177345237999134042e+02 -1.248661839994273635e+02
-1.381673326300703195e+02 -1.052603160377401821e+02 -1.488056197371280689e+02
-1.054835656896428588e+02 -1.060350111164325568e+02 -1.086196263683582828e+02
-5.912035011817870611e+01 -2.300689416199593040e+02 -2.109769243301730057e+02
-6.541479728664013749e+01 -5.067096380020444712e+01 -2.652265891004363425e+02
-2.086261063520017842e+02 -5.691643591187472140e+01 -8.814811568610173254e+01
-5.547277414945913421e+01 -8.284504686750133828e+01 -7.896433139039727678e+01
-5.678698417041525204e+01 -1.368945891005629960e+02 -1.688640613451623835e+02
-6.263546928520378287e+01 -6.925096935580494062e+01 -5.881672628786456869e+01
-6.562329039859108093e+01 -1.982927360904316743e+02 -7.568176600132089504e+01
-5.500149721257565005e+01 -5.406910608673547358e+01 -2.845273068591357202e+01
-2.046892150528343279e+01 -1.777357440481049480e+02 -1.771594677594088125e+02
-2.630168636111037372e+01 -2.529571174597920447e+01 -4.044077588065513140e+01
-2.456435367650558277e+01 -2.362812585069983413e+02 -6.827167445809897117e+01
-2.098420212976057897e+01 -2.306855752699144801e+01 -1.409049882794789994e+02
-1.852888165420150557e+01 -1.976295367117072743e+01 -1.461367425749274389e+02
9.991116741508774268e+00 9.972572896926916286e+00 -1.957185811456829327e+01
5.176453962524579566e+00 3.831903039818354451e+00 8.324384881064332831e+00
-3.764949212905749221e+01 -1.738889045554514468e+01 -1.735525165168384945e+02
6.969588397606017338e+00 3.316240411971804303e+00 -4.133685547722047993e-01
4.727588712412432059e+00 -1.364315577453156081e+01 -1.737486625032833558e+02
6.522432977129732024e+00 8.189703139899791040e+00 -6.608092185076007752e+01
7.663202848788285948e+00 7.356004491698969971e+00 -1.777345310545075563e+02
1.204287805181651834e+02 1.257625567543700669e+02 2.992238944921379229e+01
1.240838867531558947e+02 1.244547027594942676e+02 -1.275342966898349459e+02
1.230675730319848071e+02 2.097929334352623130e+02 -5.014095273458950430e+01
6.482522146756961945e+01 -1.654519429124176781e+02 1.235896692887057071e+02
-1.526838584983743203e+02 -1.383829613035988757e+02 -1.500651708479484228e+02
-2.054892028489098266e+02 -2.246650453154185811e+02 -1.589703987051542811e+02
-1.577939369314756846e+02 -2.059250662911989593e+02 -1.948349667257378428e+02
-2.394811154436496281e+02 -1.621651533821823818e+02 -2.541717475389655760e+02
-1.584416005785372477e+02 -1.552159660648749764e+02 -1.061608150990552133e+02
-1.553439910945802183e+02 -2.355988691626537559e+02 -1.596352838454448033e+02
-2.531278450214423685e+02 -1.494662801154436238e+02 -2.320896206250479850e+02
-1.564925816790248234e+02 -1.209886162639641327e+02 -2.238211328373894276e+02
-1.004175861976579398e+02 -8.791616705677397192e+01 -1.305438465689727536e+02
-8.989133768051976858e+01 -9.583885643096581930e+01 -9.818806801484956281e+01
-2.331009538420253762e+02 -2.601087169690292171e+02 -2.405054917570174098e+02
-1.404684376973305007e+02 -1.009414816661395946e+02 -1.123770515252077615e+02
-5.745233990048438244e+01 -2.924592157876332408e+02 -2.422670332594525462e+02
-1.500558029603276680e+02 -2.293166212190994884e+02 -1.868235595359654440e+02
-1.524183320223882561e+02 -2.410287437753370909e+02 -1.967215558082567668e+02
-1.691909077383838849e+02 -1.713215679687217801e+02 -7.326373325316319907e+00
-9.362701925398802416e+01 -1.399546708322542941e+02 -2.734649094638070324e+02
-1.364390068294106584e+02 -2.647698459261512198e+02 -1.708905978943323021e+02
-2.263676213261219345e+02 -1.366729361361550446e+02 -2.857915229041731209e+02
-1.366641686079578903e+02 -1.367872152086720803e+02 -4.133282067178777552e+00
-1.011696406229006868e+02 -9.987225169598741559e+01 -2.746196660976157773e+02
-9.986874005777778507e+01 -1.015422727484818637e+02 -1.193027175519527106e+02
-1.041045263262488731e+02 -1.009119536269179633e+02 -2.269030495358811095e+02
-1.009371818018951643e+02 -1.104334491763640926e+02 -1.032758970108673857e+01
-3.559770961257262112e+00 -4.485157309359045996e+01 -1.040258225214803502e+02
-1.575379791180208322e+01 -7.411675017312330738e+01 -7.566850831077509554e+01
-3.006152486383426776e+02 -3.218994277907138724e+01 -1.205121635328447383e+02
-3.260700223228217709e+01 -3.641497457994144327e+01 5.394135968983786000e+00
-3.069686963653752798e+01 -9.833484483856601344e+00 -1.841455738485032327e+02
-2.885806843285669032e+01 -3.132829621130674269e+01 6.983323493493996637e+01
-8.121942762505878477e+01 -2.644636587189753030e+00 -1.883457996160085202e+02
-4.010059767469704184e+01 3.154818606269140790e+00 -2.627515947291491898e+02
1.170268226608208693e+02 8.308550422114723233e+01 1.286976344479908505e+02
1.131095096248311904e+02 1.616865951869425544e+01 6.965146721232986948e+00
-6.002705057346081219e+01 7.079239753032081239e+01 4.786047708180483085e-01
5.670508290592838563e+01 1.150702401041074978e+02 -1.086520269268791026e+02
3.583620864500909420e+01 5.577066196801004594e+01 1.237611396523581107e+02
8.876517915240168577e+01 -1.898521333124197668e+02 -6.452158089577187638e+01
1.399373781901025211e+02 -2.076986050126837711e+02 5.525125626615477614e+01
1.416742093082093561e+02 1.389176295273737196e+02 1.250034988002951195e+02
